/search?propertyType=Condo/Townhouse|Residential|Multi-Family|Mobile/Modular+Home&status=1#?q_limit=10000000&mlsId=366&price=10000:&propertyType=Condo/Townhouse|Residential|Multi-Family|Mobile/Modular+Home&status=1|3&polygon=(61.240,-149.836),(61.238,-149.871),(61.232,-149.910),(61.221,-149.936),(61.209,-149.949),(61.190,-149.958),(61.176,-149.957),(61.168,-149.932),(61.165,-149.881),(61.174,-149.797),(61.185,-149.739),(61.197,-149.710),(61.204,-149.702),(61.219,-149.715),(61.226,-149.726),(61.233,-149.754),(61.237,-149.781),(61.238,-149.798),(61.239,-149.810),(61.240,-149.820),(61.240,-149.827),(61.240,-149.834),(61.240,-149.838),(61.240,-149.839),(61.239,-149.840)&q_sort=createdAt-&q_offset=0

"" === "" ? 


/search?propertyType=Condo/Townhouse|Residential|Multi-Family|Mobile/Modular+Home&status=1#?q_limit=10000000&mlsId=366&price=10000:&propertyType=Condo/Townhouse|Residential|Multi-Family|Mobile/Modular+Home&status=1|3&polygon=(61.240,-149.836),(61.238,-149.871),(61.232,-149.910),(61.221,-149.936),(61.209,-149.949),(61.190,-149.958),(61.176,-149.957),(61.168,-149.932),(61.165,-149.881),(61.174,-149.797),(61.185,-149.739),(61.197,-149.710),(61.204,-149.702),(61.219,-149.715),(61.226,-149.726),(61.233,-149.754),(61.237,-149.781),(61.238,-149.798),(61.239,-149.810),(61.240,-149.820),(61.240,-149.827),(61.240,-149.834),(61.240,-149.838),(61.240,-149.839),(61.239,-149.840)&q_sort=createdAt-&q_offset=0





















































